p\20230103-105356_jpg.rf.f97caadaf7a9aa44160ac39630adeef3.jpg 1 169 72 29 35
p\20230103-105400_jpg.rf.9307797be9032934e7301d66bac1ee62.jpg 1 156 112 70 70
p\20230103-105402_jpg.rf.d616d0e328fa2080f504b29d87168dcc.jpg 1 138 115 75 78
p\20230103-105404_jpg.rf.ae62e1a618e2242bbbe80caef42175b7.jpg 1 242 101 69 58
p\20230103-105410_jpg.rf.98f6c6b119328d3b0ed0a90d6ed0eb8d.jpg 1 106 70 38 41
p\20230103-105423_jpg.rf.17255c900297688ac59abc09008028b3.jpg 1 120 135 103 104
p\20230103-105425_jpg.rf.428a610c12745622876acd4f185706d0.jpg 1 127 86 47 48
p\20230103-105427_jpg.rf.b73b9debdc6c212d4e278e73667d05fe.jpg 1 241 88 49 41
p\20230103-105429_jpg.rf.90ed7d83cba351ae59a26f028af10a93.jpg 1 174 73 30 37
p\20230103-105431_jpg.rf.e993fe3eda9d34e1b19e03206d8848cb.jpg 1 223 71 29 29
p\20230103-105440_jpg.rf.cc6f7254cfa632f25e2a5cd5b58bb1a7.jpg 1 162 99 56 55
p\20230103-105442_jpg.rf.1cac016d58473606c8a7927106e1bdf9.jpg 1 123 96 56 57
p\20230103-105448_jpg.rf.28d2d322a9097174e8d9348a4c0e576f.jpg 1 159 103 58 57
p\20230103-105450_jpg.rf.ad42c92c6d7a8dd4d14463c400815c49.jpg 1 143 99 55 57
p\20230103-105453_jpg.rf.5a2d44f823a35e02ea7fd0b80d66c101.jpg 1 109 85 50 50
p\20230103-105511_jpg.rf.b030c84bc681ddb20b5d2849ec981d2f.jpg 1 191 93 43 40
p\20230103-105513_jpg.rf.f2eb33b06a4eaf6cfd735a2c076a44f9.jpg 1 111 106 60 55
p\20230103-105516_jpg.rf.db6a5a2f390965e5740a7c5cfabc9eed.jpg 1 112 105 57 56
p\20230103-105518_jpg.rf.ea9bfe7d25c892451aec843a538f9ed7.jpg 1 111 105 57 55
p\20230103-105526_jpg.rf.dc189f3c10c949a60325f1c84786fd1f.jpg 1 235 119 74 63
p\20230103-105537_jpg.rf.f4763e5e80599db81450b8eaaa22470b.jpg 1 143 134 87 86
p\20230103-105539_jpg.rf.e799b1aba8718f3ed01a073e000bc4c7.jpg 1 195 100 55 49
p\20230103-105541_jpg.rf.79f1d1ddb44de1a37d1cae1fc6af1f72.jpg 1 135 81 31 36
p\20230103-105545_jpg.rf.044a8eceadda919191ae8d1bf9cf9590.jpg 1 159 101 46 48
p\20230103-105548_jpg.rf.7c9221a949363474fb9def1e1067604e.jpg 1 48 100 73 59
p\20230103-105554_jpg.rf.6348b0986111585b7a849d7d36953ab0.jpg 1 239 110 62 58
p\20230103-105556_jpg.rf.91607ae1567b889d88ec5da73ba29118.jpg 1 219 123 77 71
p\20230103-105603_jpg.rf.7350918ac445a847ad8168264f073afe.jpg 1 202 112 66 62
p\20230103-105607_jpg.rf.6931dae56a32ef70bb790f177c9bfd9e.jpg 1 124 124 77 79
p\20230103-105611_jpg.rf.08629c8d64e109f09176b4afb35aef98.jpg 1 115 98 50 47
p\20230103-105627_jpg.rf.216350ed96240efaf094551fed7acdac.jpg 1 121 113 66 63
p\20230103-105638_jpg.rf.763cdcc5f607c78c549f90a874e21072.jpg 1 114 108 61 59
p\20230103-105640_jpg.rf.107f0d2ba1e67bf5c304ca602aed43d5.jpg 1 164 95 42 45
p\20230103-105642_jpg.rf.42a4e1f7a689c279b3859fc105fb568f.jpg 1 164 96 41 41
p\20230103-105644_jpg.rf.150dc594d5c59bedbc6ba022d7b2d65c.jpg 1 157 72 22 30
p\20230103-105650_jpg.rf.0d6992ecd7ef177a052d5d54e65bcb3c.jpg 1 155 125 78 84
p\20230103-105652_jpg.rf.3e64e7410eddea8f8a09afa46b80d384.jpg 1 161 132 88 93
p\20230103-105654_jpg.rf.e50bcb590b6d4a77609288de3905ef9a.jpg 1 192 97 50 44
p\20230103-105656_jpg.rf.4d4b2777f8c57b9128140094f51fe1b5.jpg 1 193 97 48 46
p\20230103-105708_jpg.rf.decfa8478807fd1cb32a6c8f8b91415a.jpg 1 125 101 51 55
p\20230103-105713_jpg.rf.af3865d13108b30c26d4d86bfeb5fde6.jpg 1 147 119 67 68
p\20230103-105718_jpg.rf.e6e55761151fa4d52dce76a69c8a0c6c.jpg 1 228 101 54 51
p\20230103-105722_jpg.rf.7c247a8e62c8a651ce91d6904cd48335.jpg 1 98 87 49 49
p\20230103-105725_jpg.rf.c72294820b4bf94ec377eeb1c1473025.jpg 1 181 80 29 34
p\20230103-105727_jpg.rf.23fc6363dba3fb79e7bc1c9d14b97261.jpg 1 181 81 29 36
p\20230103-105919_jpg.rf.a18e2fb63e25425fa3eae43596a47cd0.jpg 1 128 116 66 70
p\20230103-105922_jpg.rf.274e4be74580fe4cc9c70409456dbb00.jpg 1 129 118 64 65
p\20230103-105926_jpg.rf.48d99a2cd968841cc845a00f9934fc02.jpg 1 180 102 49 48
p\20230103-105928_jpg.rf.d20c93449ca27a26cc678a964b111f04.jpg 1 102 81 42 44
p\20230103-105934_jpg.rf.16a88a12f2f55408aff4c60ce239d37f.jpg 1 198 89 38 40
p\20230103-105937_jpg.rf.05623c2eb9f5f5df79ae3a6b66a70faf.jpg 1 136 116 64 67
p\20230103-105939_jpg.rf.398187e64731d01cb3da66fd93a11e74.jpg 1 136 117 65 69
p\20230103-105941_jpg.rf.f0b712142d454f5fd74b0c004a739564.jpg 1 191 107 57 56
p\20230103-105943_jpg.rf.04a0e20cb6664fbd8aa6f3cf7a01b182.jpg 1 187 108 58 52
p\20230103-105946_jpg.rf.15a9e1066030c9edb5f57a9aafca1467.jpg 1 103 87 46 45
p\20230103-110006_jpg.rf.8a2d8d27fc63d32c8b9908fdebf4d9e1.jpg 1 139 119 68 79
p\20230103-110009_jpg.rf.91590d4bf72b8e19665727630c2683fd.jpg 1 138 122 68 73
p\20230103-110018_jpg.rf.192ee8ad81af7c9db8538d512e194030.jpg 1 198 108 60 57
p\20230103-110020_jpg.rf.3d65fff9c40fdc6bc11b46ff270fc253.jpg 1 176 111 63 65
p\20230103-110022_jpg.rf.72e6e74e39e2b5ec191efdd679e7b743.jpg 1 132 93 43 48
p\20230103-110129_jpg.rf.83217e454117a9b36e7829ac668b56b5.jpg 1 133 117 77 81
p\20230103-110153_jpg.rf.099e0dde48541b5d595385a775910636.jpg 1 132 117 76 86
p\20230103-110155_jpg.rf.e28a3cd7d1dc3ffc15d21c50a738c1ba.jpg 1 136 84 42 45
p\20230103-110201_jpg.rf.048ebbf276840e023b596a61b2b03de4.jpg 1 157 64 25 34
p\20230103-110204_jpg.rf.ea964a01236282ee1677135e3a451ec1.jpg 1 180 63 22 28
p\20230103-110209_jpg.rf.c19d96207233b665fbf688cfc1fb934e.jpg 1 103 95 59 62
p\20230103-110211_jpg.rf.05fc5e18e26354b9462d5af6605ad326.jpg 1 101 96 60 62
p\20230103-110213_jpg.rf.a203b3f6dd6063942e2857de1fd3bc93.jpg 1 134 116 72 81
p\20230103-110216_jpg.rf.0f7684f933c6b88c0c58cff27c82fbb6.jpg 1 181 74 30 32
p\20230103-110224_jpg.rf.7a060d650c53b5044676362df52a3bf4.jpg 1 163 103 58 62
p\20230103-110228_jpg.rf.fccaa32a48f4be1c0b09479877427d84.jpg 1 146 127 90 96
p\20230103-110232_jpg.rf.db47b04b39127a59bd599875ab15e23f.jpg 1 207 105 69 62
p\20230103-110236_jpg.rf.2830693dddfbc3ccff48f6e856eeeff3.jpg 1 174 88 42 46
p\20230103-110425_jpg.rf.edad7b4ffa1cb79204859b5c6e0ed0ca.jpg 1 155 105 53 55
p\20230103-110429_jpg.rf.b5590fc24f167de6b684617a9f4019cc.jpg 1 133 130 83 92
p\20230103-110432_jpg.rf.9553672f489e6dc5d7916836b8c69817.jpg 1 115 73 34 37
p\20230103-110440_jpg.rf.27229b981aacab29176c9fd3f382bd1f.jpg 1 182 80 34 36
p\20230103-110446_jpg.rf.fb54358e49ae44816e33abbeffd2e4df.jpg 1 155 110 59 62
p\20230103-110451_jpg.rf.09a85909c7ebcd5eb8113741e7394083.jpg 1 104 84 47 46
p\20230103-110455_jpg.rf.f2710a27cc86b74c2e1b1227b2fe3b0f.jpg 1 165 83 37 41
p\20230103-110459_jpg.rf.58b7acbd2b6afe79927bfe76a6f6dac5.jpg 1 159 76 30 37
p\20230103-110507_jpg.rf.750ff3628874551c4ee75ac791e4322f.jpg 1 157 124 79 83
p\20230103-110514_jpg.rf.99c7a2c7b0299acfac2adb8424fcf059.jpg 1 183 118 80 77
p\20230103-110518_jpg.rf.63643b9cf688c0c2192601dd3f55bdaa.jpg 1 97 112 77 78
p\20230103-110525_jpg.rf.4a63e9be14ec8f21b624f9d7cca2c67c.jpg 1 203 85 41 37
p\20230103-110529_jpg.rf.2d78a37742e05a598458638566327fb3.jpg 1 161 79 34 36
p\20230103-110559_jpg.rf.537bcbad7358d63d49f6021fc369ac91.jpg 1 173 101 50 54
p\20230103-110601_jpg.rf.cb2a9c6627b48bbff7f7e0145fa8532a.jpg 1 120 83 36 41
p\20230103-110604_jpg.rf.bb04163df58065ed30ae8ffedf25f8c6.jpg 1 131 120 73 78
p\20230103-110617_jpg.rf.0eaa18c5ee496130de5300c461c3ab79.jpg 1 86 141 106 98
p\20230103-110623_jpg.rf.ab59b4b862376831b6148daf050eee89.jpg 1 137 109 61 62
p\20230103-110627_jpg.rf.d4046ab1ad0063bc4863848f12add657.jpg 1 77 100 66 57
p\20230103-110629_jpg.rf.36e4f8d9b8ca6fad6a3377287a946f65.jpg 1 76 100 69 59
p\20230103-110643_jpg.rf.268055c8f681a71f0aff3f050515d1a9.jpg 1 163 117 67 73
p\20230103-110645_jpg.rf.a777e3b27cf77fe98bae383fdb041523.jpg 1 159 118 69 73
p\20230103-110649_jpg.rf.0dfbdb41cacabc5bb66d8bbf30b8ff54.jpg 1 149 118 69 75
p\20230103-110651_jpg.rf.cd901372e6c10cac1f62fc7714688d8d.jpg 1 151 119 66 73
p\20230103-110653_jpg.rf.4529d979a366923870f4e5e287172ab0.jpg 1 103 99 56 52
p\20230103-110702_jpg.rf.624d01cb6294fc2f48bb1df8182bcca5.jpg 1 195 117 73 66
p\20230103-110704_jpg.rf.2a48314a96bacc6335e5fba75bbacec0.jpg 1 161 95 44 47
p\20230103-110714_jpg.rf.b8a61d3c41c401d690d148a7fe2e1a16.jpg 1 140 112 67 66
p\20230103-110716_jpg.rf.6046d66250e3f9dff950821abff472e0.jpg 1 139 112 66 72
