20221210-175655_jpg.rf.15d9f91e7ef32c1a7ad709feda66f0bd.jpg 1 193 175 94 102
20221210-175655_jpg.rf.7141e03b4257348d4b4096d3a524e471.jpg 1 193 175 94 102
20221210-175655_jpg.rf.a8ebcbe190e09cd6f486ff9feecd7b84.jpg 1 193 175 94 102
20221210-175703_jpg.rf.3f9654e1009937050b14b7ff154f1ce4.jpg 1 167 185 111 110
20221210-175703_jpg.rf.608d9f7ed02b92769269d27b5a940e2c.jpg 1 167 185 111 110
20221210-175703_jpg.rf.fdd70e80be544591ade1fec2776fc3fc.jpg 1 167 185 111 110
20221210-175708_jpg.rf.26812e062d2e6676614a16603e09dfc9.jpg 1 108 163 103 99
20221210-175708_jpg.rf.3d6c5e8c5094d19bd53b2d0a18d106f8.jpg 1 108 163 103 99
20221210-175708_jpg.rf.ea650ac7bb0f36695564196faa9413b4.jpg 1 108 163 103 99
20221210-175712_jpg.rf.15a37ea657a7c4e1df216218899933a4.jpg 1 59 177 115 112
20221210-175712_jpg.rf.b71f0e75ea3920e395509f8a9b4f5b4b.jpg 1 59 177 115 112
20221210-175712_jpg.rf.d288aa10a05b3391c7e34af13450006b.jpg 1 59 177 115 112
20221210-175720_jpg.rf.4388388c67cf725507dcb6f99aba466e.jpg 1 258 161 96 91
20221210-175720_jpg.rf.4ef5ed1e9cebeb076793ce0fc980f345.jpg 1 258 161 96 91
20221210-175720_jpg.rf.a0ba54675d65b62d9fa7e58b3a47d0b5.jpg 1 258 161 96 91
20221210-175725_jpg.rf.01682a718de5ee14743e73e018a8de02.jpg 1 206 103 40 42
20221210-175725_jpg.rf.124e0d5fb0f7f58d913a68ac03195e63.jpg 1 206 103 40 42
20221210-175725_jpg.rf.c6c7b5988d9de50e472add682c9ca409.jpg 1 206 103 40 42
20221210-175729_jpg.rf.7fee53983aea2b6f3bb929e265bc0f24.jpg 1 182 109 45 48
20221210-175729_jpg.rf.c54ff8bac80a56eb03295d0cc5e92df5.jpg 1 182 109 45 48
20221210-175729_jpg.rf.f0588bd89be81f580eed26b246d403c8.jpg 1 182 109 45 48
20221210-175732_jpg.rf.2fdec33fffcda152454927e41b4f5d6c.jpg 1 117 100 52 49
20221210-175732_jpg.rf.5817c6b07831fc08d27fa218bb67d7f0.jpg 1 117 100 52 49
20221210-175732_jpg.rf.76b60df45a24d8aeb0161e640236c272.jpg 1 117 100 52 49
20221210-175736_jpg.rf.116116a6d2d39d9de93b566afb34f073.jpg 1 85 96 55 48
20221210-175736_jpg.rf.590afd866a99d8fcf55e45a6f5589d85.jpg 1 85 96 55 48
20221210-175736_jpg.rf.991e21acdf642d369eae7af5cd8fb344.jpg 1 85 96 55 48
20221210-175740_jpg.rf.a523b7414cffc0042dbfd2749f449215.jpg 1 70 88 45 43
20221210-175740_jpg.rf.b31038045c8ecc904a6079c06c8a191b.jpg 1 70 88 45 43
20221210-175740_jpg.rf.f20c3e21745b2f8eb01a589ee266843e.jpg 1 70 88 45 43
20221210-175743_jpg.rf.2091e996839c924be089cc52e5308edc.jpg 1 86 75 34 32
20221210-175743_jpg.rf.4b44127f625d03713a177c485562cd1e.jpg 1 86 75 34 32
20221210-175743_jpg.rf.97673e0884722b10bcd255a38e927ddb.jpg 1 86 75 34 32
20221210-175747_jpg.rf.22cd8f8dafabf25bbdc7e9f380202ae2.jpg 1 135 73 27 26
20221210-175747_jpg.rf.7cf630e90bfbcd32f576f7d92ef2e637.jpg 1 135 73 27 26
20221210-175747_jpg.rf.8410fe347154a041fb2e0fd87fede5b9.jpg 1 135 73 27 26
20221210-175751_jpg.rf.25f5b7030a0f94318d38f35941986bce.jpg 1 175 76 26 27
20221210-175751_jpg.rf.84d8abbc57b534a46710b15764ae90d9.jpg 1 175 76 26 27
20221210-175751_jpg.rf.9b5a86f19fae2332f28057a45afa31bc.jpg 1 175 76 26 27
20221210-175754_jpg.rf.39a58c52a073cb3c78cd7129409a85c5.jpg 1 212 82 30 30
20221210-175754_jpg.rf.c844ec5ef4c351f3c067411cafd5341b.jpg 1 212 82 30 30
20221210-175754_jpg.rf.e83680ccdbd0d08d73a5a1c9ed300939.jpg 1 212 82 30 30
20221210-175758_jpg.rf.0eae6a15e326aade419c1714b38e2799.jpg 1 244 94 43 41
20221210-175758_jpg.rf.113c4bd23cdad6aac6e7c5a8555e8bda.jpg 1 244 94 43 41
20221210-175758_jpg.rf.4a56e11fa11678b5f3b41dfb4c489f88.jpg 1 244 94 43 41
20221210-175801_jpg.rf.1bafb4e26d4e085908827d5ac5d4f789.jpg 1 264 110 55 48
20221210-175801_jpg.rf.212518caf7a695ae48c151ecc9ae0321.jpg 1 264 110 55 48
20221210-175801_jpg.rf.da20b6a7e214303ce0f0b0764861e720.jpg 1 264 110 55 48
20221210-175804_jpg.rf.157a7149126c6f354a3eb65e1c8223a3.jpg 1 285 128 68 58
20221210-175804_jpg.rf.1c183f7990f3a168a16abba8c4398407.jpg 1 285 128 68 58
20221210-175804_jpg.rf.71a8658bbdba586eb89e8197fa659190.jpg 1 285 128 68 58
20221210-175808_jpg.rf.2d4d5902ab95450b1fb1d10fa3c3478e.jpg 1 184 111 49 51
20221210-175808_jpg.rf.65b415a1b72f03a7d5de2a6ae756a2ba.jpg 1 184 111 49 51
20221210-175808_jpg.rf.9a4060fcae440f02e50a19fa1f2a09f4.jpg 1 184 111 49 51
20221210-175810_jpg.rf.161e3e17e65c616fe94c0f63bbaa0627.jpg 1 179 93 37 42
20221210-175810_jpg.rf.4157420d2462c3f0dca621cc29f6232e.jpg 1 179 93 37 42
20221210-175810_jpg.rf.de72fea239a2ef97aa81005c1d4e5127.jpg 1 179 93 37 42
20221210-175814_jpg.rf.546d635207a35579d758f6a64d0ab9fc.jpg 1 143 111 56 54
20221210-175814_jpg.rf.5af9c1812a575accd26747043b52ebe8.jpg 1 143 111 56 54
20221210-175814_jpg.rf.d1d4a4e3aec334febef81cd7f56d5d01.jpg 1 143 111 56 54
20221210-175817_jpg.rf.3dcd6d1ec669879e42666119e19b9ed5.jpg 1 158 190 139 100
20221210-175817_jpg.rf.afade26144a4f0f21ee760c5222850ba.jpg 1 158 190 139 100
20221210-175817_jpg.rf.bd4a6c799ef106830f90a29ad8c97746.jpg 1 158 190 139 100
20221210-175827_jpg.rf.0c5982ca187d4bd3706a2f8ba31553ab.jpg 1 159 124 58 58
20221210-175827_jpg.rf.b7e2bb6d9e8c6da6ca9f1bebfdaee7d1.jpg 1 159 124 58 58
20221210-175827_jpg.rf.f751b50aa1da9dfc17e54a224379730a.jpg 1 159 124 58 58
20221210-175831_jpg.rf.1e4a12c1b8ff5f5eabbb7b47a7152b8e.jpg 1 106 112 64 55
20221210-175831_jpg.rf.78703a24389611f83acb61be02f9a017.jpg 1 106 112 64 55
20221210-175831_jpg.rf.efea0cdaf92e2efae803944c1d08f9dd.jpg 1 106 112 64 55
20221210-175834_jpg.rf.7b9c9de58e713cbc108e40dbcfb19c7b.jpg 1 53 170 107 103
20221210-175834_jpg.rf.cd020520777eb92db1c98c2229fa790a.jpg 1 53 170 107 103
20221210-175834_jpg.rf.e9cbfe36b24c4ece49b300c93ba3d784.jpg 1 53 170 107 103
20221210-175837_jpg.rf.5b45c4ea8b9b06e05cca2a2f3008e1eb.jpg 1 268 180 102 103
20221210-175837_jpg.rf.c7b40d1239dbbf4e163d46231cb1621a.jpg 1 268 180 102 103
20221210-175837_jpg.rf.fd281aa894c8d14b3116967e2128fc3e.jpg 1 268 180 102 103
20221210-175842_jpg.rf.9db799699114d086e41b71c98695ed51.jpg 1 170 188 123 104
20221210-175842_jpg.rf.a41671134a63fc42a4eb887b4cf9a612.jpg 1 170 188 123 104
20221210-175842_jpg.rf.f5eaf857a06c55ab65561bd9e3b5cf3b.jpg 1 170 188 123 104
20221210-175845_jpg.rf.7d57de6e33e8611090592bcd97a2fa2b.jpg 1 180 100 43 42
20221210-175845_jpg.rf.d064995995f4b62056d8e3c8c24e9869.jpg 1 180 100 43 42
20221210-175845_jpg.rf.e966828e2837ac9df8511d8a43002ce4.jpg 1 180 100 43 42
20221210-175848_jpg.rf.21f84f2a7dbd671819b21709c13e512e.jpg 1 175 80 28 33
20221210-175848_jpg.rf.305d18c6f2286f961cd582afb61a7016.jpg 1 175 80 28 33
20221210-175848_jpg.rf.e6b1c7b6ba3548fdc99626d8cb635502.jpg 1 175 80 28 33
20221210-175852_jpg.rf.c02bf5319844fb6f31af4ae7a27fd8f8.jpg 1 132 76 32 33
20221210-175852_jpg.rf.e3b11c787ccb5dad6427fbadba5a02d6.jpg 1 132 76 32 33
20221210-175852_jpg.rf.ee3e66e32601e7e8aee9bc247156d0a7.jpg 1 132 76 32 33
20221210-175856_jpg.rf.06083673c05c65e24cec77f95654375d.jpg 1 201 84 30 32
20221210-175856_jpg.rf.7949abcc3599c8cd64826834e67bc42d.jpg 1 201 84 30 32
20221210-175856_jpg.rf.d84b8b62127825f054957fde8c829fe9.jpg 1 201 84 30 32
20221210-175900_jpg.rf.1373c624ef80ffc0c4bbb6f1a22de566.jpg 1 237 84 32 32
20221210-175900_jpg.rf.22ddbee0aacaba76805e23ef7c1585ec.jpg 1 237 84 32 32
20221210-175900_jpg.rf.9a693b0c76d3f1c3f7549da46fd190eb.jpg 1 237 84 32 32
20221210-175907_jpg.rf.27c8f9940ccce4e1435bd7d0a38e1e61.jpg 1 226 77 28 30
20221210-175907_jpg.rf.4ae19f5369b4bef4bb2f653a32ff6a5c.jpg 1 226 77 28 30
20221210-175907_jpg.rf.a453e3cf1392f091b8292f84fea4d145.jpg 1 226 77 28 30
20221210-175910_jpg.rf.40b23aed7b86757c37cf8bed7da9d95c.jpg 1 179 98 37 42
20221210-175910_jpg.rf.57500a8943ddfb6509f2b1b88c3a299f.jpg 1 179 98 37 42
20221210-175910_jpg.rf.e126a6ec04482a129dc0d69ab6087ab5.jpg 1 179 98 37 42
20221210-175923_jpg.rf.23bdee5dde366d28f0456e989a5270ed.jpg 1 187 158 85 83
20221210-175923_jpg.rf.c4684a7dc9553c3ac346dee868a1b9cc.jpg 1 187 158 85 83
20221210-175923_jpg.rf.f66dd2086fcefa3b4a2f53482a8a2cd7.jpg 1 187 158 85 83
20221210-175929_jpg.rf.0c431a4ba3ef040e3ae52fd82c883c3b.jpg 1 129 153 91 84
20221210-175929_jpg.rf.9ce414ad04bdb794e07e00efeb3bd59a.jpg 1 129 153 91 84
20221210-175929_jpg.rf.f7f30579d1e9acc9f34ea8bac99c49a4.jpg 1 129 153 91 84
20221210-175933_jpg.rf.2e6a9f72fd3a6b28d945ce587c7e70fe.jpg 1 59 143 92 85
20221210-175933_jpg.rf.cdb9d6f39c1839f1dcac5b3e229e4e02.jpg 1 59 143 92 85
20221210-175933_jpg.rf.fd71726b3b12f5914d61ccb5a472d392.jpg 1 59 143 92 85
20221210-175936_jpg.rf.0d8ae894577b46a81676bbc90c63ced2.jpg 1 69 104 60 53
20221210-175936_jpg.rf.b8f3285fb524eaebc7fb7d85f97f0ac9.jpg 1 69 104 60 53
20221210-175936_jpg.rf.e9b49a3a8e59901abf3da7c4fcc1a9dd.jpg 1 69 104 60 53
20221210-175939_jpg.rf.803d0d2a53c6707e055f79b7c2fea5b6.jpg 1 70 87 47 38
20221210-175939_jpg.rf.ba31387e22b92f41acb6e83e3037c6ed.jpg 1 70 87 47 38
20221210-175939_jpg.rf.d5c89d07877fac898d54f4723cfce29c.jpg 1 70 87 47 38
20221210-175943_jpg.rf.1ede1f0c36fd8f5ca39fc71b627c21fe.jpg 1 122 79 33 33
20221210-175943_jpg.rf.f0222cf8840d8ce9ee9e99e7262784f5.jpg 1 122 79 33 33
20221210-175943_jpg.rf.f0f688ddd24737c54bfccd966b6e8d21.jpg 1 122 79 33 33
20221210-175946_jpg.rf.8018183b5c3e9dae2f7bbab163923c6c.jpg 1 123 70 23 26
20221210-175946_jpg.rf.865aa913a8375b049d06938e9248a352.jpg 1 123 70 23 26
20221210-175946_jpg.rf.9ca7758b8d37e99ed4b04ab5f0e4afb1.jpg 1 123 70 23 26
20221210-175952_jpg.rf.0ea0b44b7bd3844e88074a3c6dd91193.jpg 1 158 75 22 28
20221210-175952_jpg.rf.62df739866ff8ca32bb8a267ecdffc44.jpg 1 158 75 22 28
20221210-175952_jpg.rf.66d040fd264407b6d43dc520ae740a3a.jpg 1 158 75 22 28
20221210-175957_jpg.rf.0857ad4e60539bc1af8f6fe26dac7a9b.jpg 1 196 79 25 27
20221210-175957_jpg.rf.3434d1bd4625dac12612631e694f4ce1.jpg 1 196 79 25 27
20221210-175957_jpg.rf.8bce21bd853ef38479ddadda7ea77526.jpg 1 196 79 25 27
20221210-180001_jpg.rf.6b4aa268efd3481e356390395c5aeb2c.jpg 1 235 89 34 33
20221210-180001_jpg.rf.70d3dcc6e8c0a6b27d9f18a21268fe06.jpg 1 235 89 34 33
20221210-180001_jpg.rf.d4c8d3374e5daafd9b497a472351320e.jpg 1 235 89 34 33
20221210-180004_jpg.rf.517768b91498ba22b9c04a9cf628f1a7.jpg 1 237 102 42 43
20221210-180004_jpg.rf.58a0c71ab6e9447544144dec29d379f1.jpg 1 237 102 42 43
20221210-180004_jpg.rf.8b1e2ddf62ea52f05b585e213bf14b71.jpg 1 237 102 42 43
20221210-180008_jpg.rf.3fc3f33a0d97a6fe760c15c3329682b6.jpg 1 222 125 62 60
20221210-180008_jpg.rf.af0865f29ac0b18f1c8e7c42aa1114fb.jpg 1 222 125 62 60
20221210-180008_jpg.rf.f3f6a94adc57bfce98bb444e7498b883.jpg 1 222 125 62 60
20221210-180018_jpg.rf.00a76d2a2ee957e0720b38e21c080764.jpg 1 273 130 74 58
20221210-180018_jpg.rf.7e22373e7637962b6c4dc25e9379023d.jpg 1 273 130 74 58
20221210-180018_jpg.rf.ef0779eaa07d7ff06d5e9f2005b882cc.jpg 1 273 130 74 58
20221210-180022_jpg.rf.003ae3bf9f32a762afd0421758d7d9c4.jpg 1 117 105 58 52
20221210-180022_jpg.rf.a2176d4a41e0e796373ee218cc4b81ed.jpg 1 117 105 58 52
20221210-180022_jpg.rf.e2bcc858238e356ffe3ac05399afd766.jpg 1 117 105 58 52
20221210-180024_jpg.rf.253bd83b7b60afa79cf710b78b23d000.jpg 1 177 99 42 44
20221210-180024_jpg.rf.74164540c27afb419d6a29324dce556b.jpg 1 177 99 42 44
20221210-180024_jpg.rf.d0ebae5b542f58135908f8673183c813.jpg 1 177 99 42 44
20221211-114059_jpg.rf.2c6062c2659bcb4e953c3d4e56b6fdc4.jpg 1 176 96 37 39
20221211-114059_jpg.rf.2ce8dca9b2ed1b842162803445188563.jpg 1 176 96 37 39
20221211-114059_jpg.rf.b04aaa4fac2e1f578f4a0f51e1decafc.jpg 1 176 96 37 39
20221211-114107_jpg.rf.83d3f30db3ac8fe084a96f6cfdebbe99.jpg 1 42 146 84 82
20221211-114107_jpg.rf.9cc4339b1d2dbf97f3ecb1763045f1cc.jpg 1 42 146 84 82
20221211-114107_jpg.rf.cd63f5ea0f9331f1d9b3ad02511e20c6.jpg 1 42 146 84 82
20221211-114111_jpg.rf.27932b7c322d8900f1967c3f7fc61e81.jpg 1 121 149 86 82
20221211-114111_jpg.rf.8e251301b4bf1970626716f7febebd30.jpg 1 121 149 86 82
20221211-114111_jpg.rf.bd646fdc2eaf8e582ec90a8771582b53.jpg 1 121 149 86 82
20221211-114114_jpg.rf.26fecb8cc845e4c1af2fe3dd91fd1a01.jpg 1 235 152 88 80
20221211-114114_jpg.rf.4123ce9d44abdee01ad8ab03923c46d4.jpg 1 235 152 88 80
20221211-114114_jpg.rf.51d1b02e5f4778b5346faf076f45ccec.jpg 1 235 152 88 80
20221211-114119_jpg.rf.955217a1d0f25b43c0b1915b7c502035.jpg 1 284 137 70 62
20221211-114119_jpg.rf.e69dbedb373a0a370e5f3fe889fc76af.jpg 1 284 137 70 62
20221211-114119_jpg.rf.eea8a3e87dd43d7122cbf9f3874101db.jpg 1 284 137 70 62
20221211-114124_jpg.rf.107d5244df9274648d541c93e66b5821.jpg 1 174 90 40 36
20221211-114124_jpg.rf.415a2326cc5651c00de43ef7af615dd4.jpg 1 174 90 40 36
20221211-114124_jpg.rf.6a2c5a5426e9271b723b4968f30959ab.jpg 1 174 90 40 36
20221211-114129_jpg.rf.4fc804ad3fb994e0d27024b53b23c51b.jpg 1 125 87 45 39
20221211-114129_jpg.rf.ae926934c43e1590da21de9efb71ce47.jpg 1 125 87 45 39
20221211-114129_jpg.rf.b055858958e62844b06bfd3c9513fe55.jpg 1 125 87 45 39
20221211-114133_jpg.rf.32c014046206e8898ab115b5fff0e09e.jpg 1 84 83 42 39
20221211-114133_jpg.rf.97042661ec7d5bccc02ac6cc78f45f51.jpg 1 84 83 42 39
20221211-114133_jpg.rf.eea66b9b238165be15414615d723617b.jpg 1 84 83 42 39
20221211-114137_jpg.rf.689ea86f35a33d0bc3a3224727843ef2.jpg 1 40 82 39 37
20221211-114137_jpg.rf.7db10c1168b1ad7b6788e092cd639f3b.jpg 1 40 82 39 37
20221211-114137_jpg.rf.d5ffb63aa5bc69f72767bc94633dd02a.jpg 1 40 82 39 37
20221211-114140_jpg.rf.8bf626bd0574bf8b2a78da767b5aff14.jpg 1 126 73 29 30
20221211-114140_jpg.rf.9d1a15f1a5719ada03ba8d52d1e859d6.jpg 1 126 73 29 30
20221211-114140_jpg.rf.f20e3cba3da45ac98bc4624df719ecd6.jpg 1 126 73 29 30
20221211-114144_jpg.rf.713d9fafb8d9a14926221408ecd1ed62.jpg 1 195 82 29 31
20221211-114144_jpg.rf.f454faa2694305432aec95b9208951dd.jpg 1 195 82 29 31
20221211-114144_jpg.rf.fbb4c946c51a39fb63ecb01bddc7e254.jpg 1 195 82 29 31
20221211-114148_jpg.rf.14f42599c360cbdd1e8bd78dc63c91a2.jpg 1 247 85 34 33
20221211-114148_jpg.rf.55ac4b48ea08b3b96915fc097e9e6288.jpg 1 247 85 34 33
20221211-114148_jpg.rf.6ee5853047adc2d38a073dd05db8de23.jpg 1 247 85 34 33
20221211-114152_jpg.rf.173882746c136a11bbc0286706375bbe.jpg 1 292 92 34 33
20221211-114152_jpg.rf.5d483285d7ed541a083162a7c93976b6.jpg 1 292 92 34 33
20221211-114152_jpg.rf.d007bfa8e8ecb7e9e7794010eb15612c.jpg 1 292 92 34 33
20221211-114201_jpg.rf.3a1aca25f98b55c00058d6775ce3dbe1.jpg 1 284 111 53 46
20221211-114201_jpg.rf.a660c1e628e9d91f12728f1c3a53eee4.jpg 1 284 111 53 46
20221211-114201_jpg.rf.b76d133c86b5549e9dc58bf96a687b14.jpg 1 284 111 53 46
20221211-114427_jpg.rf.257f684328614c03770c678a7a88bcfd.jpg 1 180 124 58 57
20221211-114427_jpg.rf.79e1b6eb3099cbc1f0226f151ffef33a.jpg 1 180 124 58 57
20221211-114427_jpg.rf.7d83d5b81dd739dac5cf9bb7247e63b8.jpg 1 180 124 58 57
20221211-114442_jpg.rf.d64c9893df628224b02dc101a68a5449.jpg 1 182 206 142 68
20221211-114442_jpg.rf.fc4d66b923dc3bf37fe03076cad33146.jpg 1 182 206 142 68
20221211-114442_jpg.rf.fe621c48570e32f03b265c889a629a95.jpg 1 182 206 142 68
20221211-114452_jpg.rf.4cb3d6e3c0548cca3b5571774d2e8fb3.jpg 1 161 166 85 91
20221211-114452_jpg.rf.52ae2e8e5ff43979bf48d656f66b8547.jpg 1 161 166 85 91
20221211-114452_jpg.rf.9c5bd69b3f2e356792f487c64ac495bd.jpg 1 161 166 85 91
20221211-114455_jpg.rf.1e084dd7eacd0badccde1bc357f3ad26.jpg 1 98 162 97 92
20221211-114455_jpg.rf.acb3c6e3976b38955490247243e6e24c.jpg 1 98 162 97 92
20221211-114455_jpg.rf.c232535f9e9f5d487a2c86d0e4a9dd1d.jpg 1 98 162 97 92
20221211-114458_jpg.rf.5c41b98fe75ccaa9cec4b015fb21fb64.jpg 1 235 186 110 103
20221211-114458_jpg.rf.d46d3afc481b58dc2a9666ab788b608b.jpg 1 235 186 110 103
20221211-114458_jpg.rf.fcfdc8acae49f1fe4692cc1fd7503b1d.jpg 1 235 186 110 103
20221211-114509_jpg.rf.98d6f9ce864256c037998e9b13703497.jpg 1 267 193 105 93
20221211-114509_jpg.rf.e7edf99980a2793e5636790e65a1de94.jpg 1 267 193 105 93
20221211-114509_jpg.rf.f40de6a5b8ca6e85688bd553b5a07773.jpg 1 267 193 105 93
20221211-114514_jpg.rf.3fd8a0cd987a279539289f9a5c37f0b9.jpg 1 168 187 106 104
20221211-114514_jpg.rf.a0b096577068fa14b382cd1c4ec5d7f4.jpg 1 168 187 106 104
20221211-114514_jpg.rf.a38738a8690be1e4ed7617fe00758fd0.jpg 1 168 187 106 104
20221211-114518_jpg.rf.12f493f501ed628de28157dadd6c2f83.jpg 1 105 140 82 76
20221211-114518_jpg.rf.14b7ed6fb46b2acdc18a2ed62831ea0c.jpg 1 105 140 82 76
20221211-114518_jpg.rf.f030978c47174b253c2c31ad5edb5e2f.jpg 1 105 140 82 76
20221211-114522_jpg.rf.3791358731ba2e8c9e71b9f7a5630942.jpg 1 49 150 97 86
20221211-114522_jpg.rf.f2a3c5ac0a8fb7b13a2da41f42c4f498.jpg 1 49 150 97 86
20221211-114522_jpg.rf.f81fb15e96e918ba6093c55ea201efdc.jpg 1 49 150 97 86
20221211-114525_jpg.rf.82e837a45891166664b356e3a9e97dc4.jpg 1 84 95 53 48
20221211-114525_jpg.rf.8baa82b31644725d03a143a2314ea1ec.jpg 1 84 95 53 48
20221211-114525_jpg.rf.d86c248c4b8312d2807fe77f911ac109.jpg 1 84 95 53 48
20221211-114528_jpg.rf.0eb9871bd0436238f38ad6d893c51ff9.jpg 1 64 89 49 43
20221211-114528_jpg.rf.4ce35ebd573a40fe61fd742523307b5a.jpg 1 64 89 49 43
20221211-114528_jpg.rf.c93014cc98c07d60aa74d1bde6e482e9.jpg 1 64 89 49 43
20221211-114532_jpg.rf.004eae669b6cd28958ec9fddc1af65a7.jpg 1 148 94 39 41
20221211-114532_jpg.rf.0fb62d5b983fcd900f41a73a017a44b0.jpg 1 148 94 39 41
20221211-114532_jpg.rf.2caaab35453f4dafb9c44236caf70e6f.jpg 1 148 94 39 41
20221211-114535_jpg.rf.1a028e0403cff1b943ded0b32d1050d2.jpg 1 201 100 40 41
20221211-114535_jpg.rf.34ad5ac4bc38a83227263afc5823a317.jpg 1 201 100 40 41
20221211-114535_jpg.rf.9a50abf787218a3612fbb08247dbf532.jpg 1 201 100 40 41
20221211-114539_jpg.rf.18ceb122a872296baded46dba6c7fb33.jpg 1 266 105 48 43
20221211-114539_jpg.rf.8d714e9b0608ee0d137bbc17d3ee05ce.jpg 1 266 105 48 43
20221211-114539_jpg.rf.cd19d00d49cf88244e21426b0051ac04.jpg 1 266 105 48 43
20221211-114544_jpg.rf.8aa6f786c0af35d4b7a0af249e94431f.jpg 1 179 85 29 34
20221211-114544_jpg.rf.912b8aa81986ce52ae95cb0e24bac119.jpg 1 179 85 29 34
20221211-114544_jpg.rf.e52069c5ec2158943dd43848afbe5762.jpg 1 179 85 29 34
20221211-114550_jpg.rf.42471194bec024f751d1de403c1ab327.jpg 1 138 79 31 35
20221211-114550_jpg.rf.8f85e6215ca6d7b2b05e6c22ee7e6822.jpg 1 138 79 31 35
20221211-114550_jpg.rf.a4934557b1f3656ec7a8c28bb21d9f53.jpg 1 138 79 31 35
20221211-114554_jpg.rf.5827835657ca269310c2a1dc7af0b295.jpg 1 100 73 32 33
20221211-114554_jpg.rf.b810414aa11814386b74604cba31f11a.jpg 1 100 73 32 33
20221211-114554_jpg.rf.c31fe7da18e8473acf094f09266fd752.jpg 1 100 73 32 33
20221211-114558_jpg.rf.183a88fd49a2cb71dc1a9a028baa78d5.jpg 1 57 74 35 30
20221211-114558_jpg.rf.d66418f4cea165e3ddc7c149624e36d3.jpg 1 57 74 35 30
20221211-114558_jpg.rf.de5b5c76d0568e94fc99870b9b3b1161.jpg 1 57 74 35 30
20221211-114602_jpg.rf.20985e1db0d8142c8186975a2368b21e.jpg 1 194 88 31 34
20221211-114602_jpg.rf.d38aa7410978aa3838a3f62bffced09e.jpg 1 194 88 31 34
20221211-114602_jpg.rf.fb5295b851aab95e774106f17d931189.jpg 1 194 88 31 34
20221211-114606_jpg.rf.1d94ee4318381f554fdfa09828e4b70a.jpg 1 254 94 38 37
20221211-114606_jpg.rf.9173e46705385cf7eee7226376594f3b.jpg 1 254 94 38 37
20221211-114606_jpg.rf.e1985ed1a38a20406e62a5aade917395.jpg 1 254 94 38 37
20221211-114613_jpg.rf.3e880a67829aab2b0be5af192f89463c.jpg 1 286 128 67 53
20221211-114613_jpg.rf.82b65fad3cd061187a6b6b19a453f1eb.jpg 1 286 128 67 53
20221211-114613_jpg.rf.f0f324f96adc011f5fe883e0407aadb2.jpg 1 286 128 67 53
20221211-114625_jpg.rf.0d24c9f760f3ca16db467ed828ce1bfd.jpg 1 242 160 91 87
20221211-114625_jpg.rf.0e2bb7e0c7de868114306880525edbbf.jpg 1 242 160 91 87
20221211-114625_jpg.rf.b03d931cb4d37198861260d11b0cc975.jpg 1 242 160 91 87
20221211-114629_jpg.rf.23bbaca6f7af1639193d79edb9179805.jpg 1 177 140 66 69
20221211-114629_jpg.rf.bb3b8f26c16bf88a133607978db5fe2d.jpg 1 177 140 66 69
20221211-114629_jpg.rf.cc397f818ff356d070e747289a3092b9.jpg 1 177 140 66 69
20221211-114633_jpg.rf.98bf6718b9637e557401fb82af23f7e4.jpg 1 171 186 106 107
20221211-114633_jpg.rf.d4f64596f75e419b42676706b4fe9962.jpg 1 171 186 106 107
20221211-114633_jpg.rf.ee576b5b0c1c47a602edd9ef24d48038.jpg 1 171 186 106 107
20221211-114636_jpg.rf.2d715c94b5f25ca9ffacdd39f632d04d.jpg 1 96 188 133 102
20221211-114636_jpg.rf.3f7b779b97bdc78d0a51b0a4637d2776.jpg 1 96 188 133 102
20221211-114636_jpg.rf.84884f95746aee42b9b25f7714435dec.jpg 1 96 188 133 102
20221211-114640_jpg.rf.0fcc41ffabe412b3e37a0f239b25b103.jpg 1 78 149 109 94
20221211-114640_jpg.rf.2233bb7b2d06782c54a6d858991b4211.jpg 1 78 149 109 94
20221211-114640_jpg.rf.5b2c54a8b5b30a6aedd6c2df8058acf4.jpg 1 78 149 109 94
20221211-114643_jpg.rf.71fcc29f9a65c0569b2f2ab3b1be905f.jpg 1 75 116 73 69
20221211-114643_jpg.rf.e28aee47ff5f8d3e75896d4806352b10.jpg 1 75 116 73 69
20221211-114643_jpg.rf.fff7eb6fe8f89dc93148fe7f6ec4c5bf.jpg 1 75 116 73 69
20221211-114647_jpg.rf.a62658f7ae6c7c2acb05d268d669420e.jpg 1 70 93 54 50
20221211-114647_jpg.rf.ca3a39301e158aac3d996806cd0f69f3.jpg 1 70 93 54 50
20221211-114647_jpg.rf.f0b0338bfef4d1440441395c1493a68b.jpg 1 70 93 54 50
20221211-114650_jpg.rf.3cbe84e36dc5c8dac156e00b327b1878.jpg 1 103 81 41 42
20221211-114650_jpg.rf.4430de8d99a876ce4635ecc7023e975c.jpg 1 103 81 41 42
20221211-114650_jpg.rf.749f7c58d4d51a923488b5e9e69cc3c0.jpg 1 103 81 41 42
20221211-114654_jpg.rf.24f0e8a3fce5216b073c5db73db47255.jpg 1 147 87 36 40
20221211-114654_jpg.rf.76af73b40ec7c3c6c4709fc3a6cd0f4e.jpg 1 147 87 36 40
20221211-114654_jpg.rf.c9fb947ff1363571b9362c8c04f8b6a4.jpg 1 147 87 36 40
20221211-114657_jpg.rf.11d45d56c1a731455f9b23c90d537eb4.jpg 1 183 90 31 36
20221211-114657_jpg.rf.1ef7392f9dc4060998498f666d58263c.jpg 1 183 90 31 36
20221211-114657_jpg.rf.f2978448eb000788a58f05a3fb38bbe8.jpg 1 183 90 31 36
20221211-114701_jpg.rf.1df5aec4f9ad21fecc58414176ffc8ea.jpg 1 212 90 35 36
20221211-114701_jpg.rf.d9485b8e01beee45188e28a1a4ff5cb6.jpg 1 212 90 35 36
20221211-114701_jpg.rf.fb398f6c34a63ce97274745767883dfa.jpg 1 212 90 35 36
20221211-114704_jpg.rf.27d31079bd67de5d367da6e49e8e9fcf.jpg 1 256 95 43 37
20221211-114704_jpg.rf.9657969cf1f0014ecd49c429a112b7b7.jpg 1 256 95 43 37
20221211-114704_jpg.rf.dbcc9bc00bbddc97d0a4cd91a105c7d8.jpg 1 256 95 43 37
20221211-114707_jpg.rf.3de3f7ac963adbe99c69e60fa9b8ea13.jpg 1 227 81 27 28
20221211-114707_jpg.rf.5730055a3caa67738efd23354bf19e7d.jpg 1 227 81 27 28
20221211-114707_jpg.rf.be8a9f8849de4b7b0eaf77060fcdb6c8.jpg 1 227 81 27 28
20221211-114711_jpg.rf.33ac482dcee3c4d52e65c511132f3c70.jpg 1 185 77 23 27
20221211-114711_jpg.rf.61dd801ad1140253cac5de48656384d2.jpg 1 185 77 23 27
20221211-114711_jpg.rf.c9415367a1b79fd2f8e57a40e602ac40.jpg 1 185 77 23 27
20221211-114714_jpg.rf.033143cc247134f47ebb1c19a869c451.jpg 1 149 73 21 27
20221211-114714_jpg.rf.0f148acb011afe2428783016c38aefc6.jpg 1 149 73 21 27
20221211-114714_jpg.rf.20b49590df0675f13ef4c70e3c18e752.jpg 1 149 73 21 27
20221211-114718_jpg.rf.c7d857cff3ed75cc98b2107dd36e2930.jpg 1 108 70 30 27
20221211-114718_jpg.rf.f05a1fd9b00230c3df8091dccbd04392.jpg 1 108 70 30 27
20221211-114718_jpg.rf.fd7ef84b1b110ad258009e41ffaa72c5.jpg 1 108 70 30 27
20221211-114721_jpg.rf.82f3f24aa418eca8bbcbec49c3d3d1a6.jpg 1 60 66 41 36
20221211-114721_jpg.rf.ae03c1bd8a613ec7f8cbfcd9a6ab1eaf.jpg 1 60 66 41 36
20221211-114721_jpg.rf.ba26a82e9f89f0ff9322229908a43f9a.jpg 1 60 66 41 36