images\20230103-111713_jpg.rf.0e918df55a1f6d30e1a7236588531b6b.jpg 1 104 16 127 91
images\20230103-111720_jpg.rf.2734e321ba308b58eec39e8709bbcfec.jpg 1 110 17 94 85
images\20230103-111724_jpg.rf.33d25465e32be43faf20eec472a46f8c.jpg 1 55 24 85 65
images\20230103-111728_jpg.rf.68944640aa0df67c4d734f47ce6c41c7.jpg 1 28 9 133 96
images\20230103-111732_jpg.rf.fe71ab48095ca29e5201b2d85b2ec72f.jpg 1 129 21 103 78
images\20230103-111734_jpg.rf.21a918cf8fc75d29ae0573cef2008c19.jpg 1 128 19 104 82
images\20230103-111742_jpg.rf.5d8f5759f0379f6a1ce9353f8ba6f7ce.jpg 1 99 13 107 107
images\20230103-111823_jpg.rf.2c57158701b82dd43c398711ffd0910c.jpg 1 66 17 96 76
images\20230103-111833_jpg.rf.88f9c57c80812eec56ffad8de4a6c88d.jpg 1 163 27 82 72
images\20230103-111837_jpg.rf.779291c7517482cfe4c55f5545a93fd8.jpg 1 108 16 73 78
images\20230103-111839_jpg.rf.77203e874a371db711758b566a3a3947.jpg 1 84 15 115 103
images\20230103-111844_jpg.rf.070b2525d8090423722ac8c8d684e988.jpg 1 39 6 187 151
images\20230103-111852_jpg.rf.7bd90a79a8ef5c28eac295ec68911e8b.jpg 1 83 13 101 97
images\20230103-111856_jpg.rf.63df678d2cc88e7f072056f3f56dfc53.jpg 1 118 24 91 71
images\20230103-111900_jpg.rf.640075a968625959d45ba89e6a682399.jpg 1 104 15 90 90
images\20230103-111904_jpg.rf.808749694b0530cd033dd4d44544194b.jpg 1 110 22 105 116
images\20230103-111909_jpg.rf.a2acd21427790762c11c2c58b6b82898.jpg 1 0 15 176 111
images\20230103-111915_jpg.rf.0b9428df39e6131eed72a955d63017db.jpg 1 105 16 94 86
images\20230103-111924_jpg.rf.0960c5ca17a60543795d74b78cfc978c.jpg 1 128 17 95 94
images\20230103-111937_jpg.rf.50d33741613b064729d55923c713007a.jpg 1 165 22 129 93
images\20230103-111951_jpg.rf.6f2e9dc30a9cec1bd4ff0e59152f8e62.jpg 1 22 12 169 117
images\20230103-111955_jpg.rf.f6e00344f4cde0f06d9734b30f51b75f.jpg 1 12 21 281 176
images\20230103-112006_jpg.rf.cd0cfb58f5205c343c4e8bfc59f030bb.jpg 1 64 25 148 103
images\20230103-112015_jpg.rf.f743bd4067a0f5b47e8d2fc48706b129.jpg 1 113 26 99 112
images\20230103-112017_jpg.rf.c5c45debb4b2ea859bd9a610ae2cc4da.jpg 1 106 30 137 120
images\20230103-112021_jpg.rf.cc350502a8555cd73e0b6a7553b342f6.jpg 1 104 35 139 113
images\20230103-112026_jpg.rf.c20489f03eba9a0b9cddef72987e3284.jpg 1 157 44 163 112
images\20230103-112028_jpg.rf.6abe6adca9a27c9672c1c6d19f0a5dff.jpg 1 188 40 131 123
images\20230103-112034_jpg.rf.05ae42bb6649c27e0138d29a38e4ed68.jpg 1 182 41 117 105
images\20230103-112050_jpg.rf.a59abfa3656539e1d681a31e13b8e2d0.jpg 1 158 16 150 131
images\20230103-112055_jpg.rf.cc4bd840a6442c81d018d515478e9da8.jpg 1 120 18 107 100
images\20230103-112058_jpg.rf.d3d4106a94c35909dafe0909328c13e1.jpg 1 93 17 120 102
images\20230103-112104_jpg.rf.8ce0a52d43b6ffb3e0bedf9ae641f03f.jpg 1 41 22 193 123
images\20230103-112112_jpg.rf.b4f63848ea7cd5a63ce8808f9671898c.jpg 1 52 23 163 129
images\20230103-112114_jpg.rf.0272cd2b5e5d439b523040307f319b4a.jpg 1 78 11 144 103
images\20230103-112117_jpg.rf.f612b72ed5ef0e7584646c5beb6487d9.jpg 1 79 8 145 116
images\20230103-112120_jpg.rf.9df543acc20634de4e54203f5b31eb12.jpg 1 111 19 104 94
images\20230103-112122_jpg.rf.8afab9822efecbef80985d1241b6ec33.jpg 1 53 5 156 141
images\20230103-112124_jpg.rf.708e19c12c40624a389b24e20e3dcde2.jpg 1 48 7 158 147
images\20230103-112127_jpg.rf.6db777b44aae23b5ceaf9dd48f649543.jpg 1 55 2 150 151
images\20230103-112134_jpg.rf.287264ac6a6598763dec0d3dc6559f47.jpg 1 140 18 107 100
images\20230103-112138_jpg.rf.0d4311ce88331c6a17d4aaf4d3047ee2.jpg 1 113 17 114 106
images\20230103-112143_jpg.rf.54a4cba965883942bdca089a5fd32c76.jpg 1 76 15 151 127
images\20230103-112146_jpg.rf.91c540f1d7aa976826b06f04c7c0a676.jpg 1 78 15 147 127
images\20230103-112150_jpg.rf.e38ee31cce84acf5fbf64b9e808d5d1d.jpg 1 46 17 202 141
images\20230103-112157_jpg.rf.7b16e39e9dc4ab1ff54730652d6416ac.jpg 1 109 15 84 96
images\20230103-112159_jpg.rf.15362e55ae3e9f1eebce2cec7fac374f.jpg 1 87 25 87 70
images\20230103-112204_jpg.rf.98c23aaaf73a954c0c0bf76e091de15a.jpg 1 106 20 80 82
images\20230103-112212_jpg.rf.651dce2ebdd401e8c07691eaf5e871fb.jpg 1 138 17 101 93
images\20230103-112217_jpg.rf.727a853cf79dce18c0d9c5dc17dd44c1.jpg 1 124 27 77 64
images\20230103-112221_jpg.rf.cb5089b2c85c2326ab57fca08218ba35.jpg 1 72 11 102 86
images\20230103-112225_jpg.rf.a22a7b36ec13c45eb49d41f4e70e6b5c.jpg 1 42 22 138 112
images\20230103-112227_jpg.rf.9848206cf5c655378a5c04f162f26362.jpg 1 0 26 134 107
images\20230103-112232_jpg.rf.fc76abc55b4f47bee3e9187c1fafac7d.jpg 1 43 19 186 123
images\20230103-112237_jpg.rf.8d6e59d52a63857d379ea1e3f5e6c9cd.jpg 1 126 16 113 110
images\20230103-112241_jpg.rf.1adce3587c168f9a61856d5d094b938f.jpg 1 112 12 154 113
images\20230103-112248_jpg.rf.3718016085a82a3f702156a796ff7265.jpg 1 98 25 114 119
images\20230103-112758_jpg.rf.f60bfe3da053d385738d6cfec01e7a34.jpg 1 69 24 121 90
images\20230103-112802_jpg.rf.699bfbff2e3ff81d84320a3f124b81b2.jpg 1 82 11 137 106
images\20230103-112806_jpg.rf.f0350179ccfe63b33b2cc293c5f0247f.jpg 1 73 17 94 80
images\20230103-112811_jpg.rf.d6ff706c4c471fdc8f3a93c365c8dcae.jpg 1 135 19 90 94
images\20230103-112816_jpg.rf.737be383359946ecddaecb643e94fde1.jpg 1 89 15 119 87
images\20230103-112827_jpg.rf.3f4662360773cdda80f0ce5c027e1e0e.jpg 1 123 12 120 120
images\20230103-112835_jpg.rf.a4401386163dcae5019823531a46725e.jpg 1 34 15 143 96
images\20230103-112839_jpg.rf.4f0eb33f3457594291f6c175b7c62414.jpg 1 120 13 81 108
images\20230103-112844_jpg.rf.740c2cbb52f3e8e406f01b8ed9a7844d.jpg 1 111 24 123 99
images\20230103-112848_jpg.rf.612b11e8f0911f4279812452a442da52.jpg 1 120 19 122 100
images\20230103-112853_jpg.rf.894cfc00ac9102e58604d21d78c51989.jpg 1 74 0 136 132
images\20230103-112912_jpg.rf.d2f7dec8a6343c3143cf91e44b925e0c.jpg 1 29 1 145 131
images\20230103-112917_jpg.rf.4b8c3376750766cbb6c4d15e4fe2e93c.jpg 1 28 0 157 128
images\20230103-112921_jpg.rf.eb7433eed174fccfa4f3cd49d0ddefd5.jpg 1 42 0 139 130
images\20230103-112925_jpg.rf.8ecba16ab10d1b7a9425e4e6fca488cd.jpg 1 82 2 111 137
images\20230103-112929_jpg.rf.e31197332e85658dfbfc6add891dc6bc.jpg 1 70 1 154 124
images\20230103-112942_jpg.rf.58a16bc7fc90c7022199bdec4490c4b2.jpg 1 81 1 135 118
images\20230103-112944_jpg.rf.40fa034977cd7831c6849a9060f1a49b.jpg 1 79 0 138 117
images\20230103-112948_jpg.rf.2ffd29c9f01f434a957c9f1264cff024.jpg 1 67 1 131 106
images\20230103-112955_jpg.rf.f431f335794cf2ea341645dcbaa178ed.jpg 1 63 2 147 118
images\20230103-112959_jpg.rf.d347f222eac06bd38e03f42b8df9d0a7.jpg 1 101 2 90 110
images\20230103-113007_jpg.rf.8334fa9ebd12b0782a26833387d3dc29.jpg 1 57 2 125 118
images\20230103-113011_jpg.rf.b893a97e28d194fe68bff92e84ab4e36.jpg 1 70 0 124 122
images\20230103-113016_jpg.rf.d93bab257b78939c7afcf660cf0c5430.jpg 1 109 2 132 149
images\20230103-113025_jpg.rf.7796d40ed4d6ada7b7b7f10aebaa0ef5.jpg 1 59 0 133 121
